 +69.0 -56.0
 +70.0 -56.0
 +71.0 -56.0
 +72.0 -56.0
 +73.0 -56.0
 +74.0 -56.0
 +75.0 -56.0
 +76.0 -56.0
 +79.0 -55.0
 +80.0 -55.0
 +82.0 -54.0
 +83.0 -55.0
 +84.0 -54.0
 +86.0 -52.0
 +87.0 -52.0
 +88.0 -52.0
 +88.0 -51.0
 +88.0 -50.0
 +89.0 -47.0
 +90.0 -47.0
 +91.0 -47.0
 +91.0 -46.0
 +91.0 -45.0
 +92.0 -42.0
 +93.0 -42.0
 +93.0 -41.0
 +93.0 -40.0
 +93.0 -39.0
 +93.0 -38.0
 +93.0 -37.0
 +91.0 -35.0
 +91.0 -34.0
 +90.0 -34.0
 +89.0 -34.0
 +87.0 -35.0
 +86.0 -33.0
 +85.0 -33.0
 +83.0 -34.0
 +81.0 -33.0
 +81.0 -32.0
 +80.0 -32.0
 +78.0 -33.0
 +77.0 -33.0
 +75.0 -32.0
 +74.0 -31.0
 +72.0 -32.0
 +71.0 -32.0
 +70.0 -32.0
 +69.0 -32.0
 +66.0 -31.0
 +65.0 -31.0
 +64.0 -31.0
 +63.0 -31.0
 +62.0 -31.0
 +61.0 -31.0
 +58.0 -30.0
 +58.0 -29.0
 +57.0 -29.0
 +56.0 -29.0
 +55.0 -29.0
 +52.0 -28.0
 +52.0 -27.0
 +51.0 -27.0
 +50.0 -27.0
 +47.0 -26.0
 +45.0 -26.0
 +44.0 -27.0
 +42.0 -28.0
 +41.0 -28.0
 +40.0 -28.0
 +39.0 -28.0
 +38.0 -28.0
 +37.0 -28.0
 +36.0 -28.0
 +33.0 -27.0
 +32.0 -26.0
 +32.0 -25.0
 +29.0 -24.0
 +29.0 -23.0
 +28.0 -21.0
 +27.0 -19.0
 +28.0 -18.0
 +29.0 -16.0
 +29.0 -15.0
 +28.0 -13.0
 +29.0 -12.0
 +30.0 -11.0
 +32.0 -11.0
 +33.0 -10.0
 +34.0  -9.0
 +36.0  -7.0
 +37.0  -7.0
 +38.0  -6.0
 +38.0  -5.0
 +37.0  -3.0
 +36.0  -1.0
 +37.0  +0.0
 +36.0  +1.0
 +35.0  +2.0
 +34.0  +4.0
 +33.0  +6.0
 +32.0  +7.0
 +30.0  +7.0
 +29.0  +7.0
 +27.0  +8.0
 +27.0  +9.0
 +26.0  +9.0
 +25.0  +9.0
 +24.0  +9.0
 +23.0  +9.0
 +22.0  +9.0
 +21.0  +9.0
 +20.0  +9.0
 +17.0 +10.0
 +16.0  +9.0
 +14.0  +8.0
 +13.0  +7.0
 +12.0  +5.0
 +11.0  +5.0
 +10.0  +5.0
  +8.0  +3.0
  +7.0  +3.0
  +5.0  +4.0
  +5.0  +5.0
  +4.0  +5.0
  +2.0  +5.0
  +1.0  +7.0
  +0.0  +8.0
  -1.0 +10.0
  -3.0  +9.0
  -4.0 +10.0
  -4.0 +11.0
  -5.0 +13.0
  -3.0 +14.0
  -2.0 +14.0
  -1.0 +16.0
  +0.0 +18.0
  +2.0 +19.0
  +3.0 +21.0
  +3.0 +22.0
  +3.0 +24.0
  +5.0 +25.0
  +6.0 +25.0
  +7.0 +25.0
  +8.0 +25.0
 +10.0 +23.0
 +11.0 +23.0
 +12.0 +25.0
 +12.0 +26.0
 +12.0 +27.0
 +11.0 +28.0
 +10.0 +30.0
  +9.0 +32.0
  +8.0 +32.0
  +6.0 +33.0
  +5.0 +34.0
  +4.0 +34.0
  +2.0 +34.0
  +1.0 +34.0
  +1.0 +35.0
  +0.0 +36.0
  -1.0 +37.0
  +0.0 +38.0
  +0.0 +39.0
  -2.0 +41.0
  -3.0 +41.0
  -4.0 +43.0
  -6.0 +44.0
  -6.0 +45.0
  -6.0 +46.0
  -8.0 +47.0
  -9.0 +48.0
 -11.0 +49.0
 -12.0 +49.0
 -13.0 +49.0
 -16.0 +48.0
 -17.0 +47.0
 -18.0 +47.0
 -19.0 +47.0
 -22.0 +46.0
 -23.0 +45.0
 -24.0 +45.0
 -25.0 +44.0
 -24.0 +42.0
 -22.0 +41.0
 -21.0 +39.0
 -22.0 +37.0
 -23.0 +36.0
 -24.0 +36.0
 -23.0 +33.0
 -23.0 +32.0
 -23.0 +31.0
 -25.0 +29.0
 -26.0 +27.0
 -26.0 +26.0
 -26.0 +24.0
 -27.0 +23.0
 -28.0 +22.0
 -28.0 +21.0
 -28.0 +18.0
 -28.0 +17.0
 -27.0 +15.0
 -26.0 +13.0
 -25.0 +12.0
 -24.0 +11.0
 -22.0  +8.0
 -22.0  +6.0
 -22.0  +5.0
 -21.0  +3.0
 -22.0  +2.0
 -22.0  +1.0
 -22.0  -1.0
 -22.0  -2.0
 -21.0  -4.0
 -20.0  -6.0
 -19.0  -8.0
 -20.0  -9.0
 -19.0 -11.0
 -18.0 -12.0
 -17.0 -14.0
 -16.0 -16.0
 -15.0 -18.0
 -14.0 -19.0
 -13.0 -21.0
 -12.0 -23.0
 -11.0 -25.0
 -10.0 -27.0
  -9.0 -28.0
  -8.0 -30.0
  -9.0 -31.0
  -9.0 -32.0
  -9.0 -35.0
  -9.0 -36.0
  -8.0 -37.0
  -7.0 -38.0
  -7.0 -40.0
  -7.0 -41.0
  -6.0 -42.0
  -5.0 -43.0
  -4.0 -44.0
  -3.0 -45.0
  -2.0 -45.0
  +0.0 -44.0
  +1.0 -45.0
  +2.0 -46.0
  +5.0 -48.0
  +6.0 -48.0
  +8.0 -47.0
  +9.0 -47.0
 +10.0 -47.0
 +12.0 -46.0
 +13.0 -46.0
 +14.0 -46.0
 +15.0 -46.0
 +16.0 -46.0
 +17.0 -43.0
 +18.0 -43.0
 +20.0 -44.0
 +21.0 -44.0
 +22.0 -43.0
 +24.0 -42.0
 +25.0 -43.0
 +26.0 -43.0
 +27.0 -43.0
 +28.0 -43.0
 +29.0 -43.0
 +32.0 -42.0
 +33.0 -42.0
 +34.0 -42.0
 +36.0 -43.0
 +38.0 -43.0
 +39.0 -45.0
 +40.0 -45.0
 +41.0 -45.0
 +42.0 -45.0
 +43.0 -45.0
 +45.0 -46.0
 +47.0 -45.0
 +48.0 -46.0
 +49.0 -48.0
 +50.0 -48.0
 +52.0 -48.0
 +53.0 -49.0
 +54.0 -50.0
 +57.0 -49.0
 +58.0 -50.0
 +58.0 -51.0
 +60.0 -52.0
 +60.0 -53.0
 +61.0 -53.0
 +63.0 -55.0
 +64.0 -55.0
 +65.0 -55.0
 +67.0 -55.0
 +69.0 -56.0
